00000000000110000000000000000011000000000000000001100000000000000000110000000000
00000000001001000000000000000100100000000000000010010000000000000001001000000000
00000000001111000000000000000111100000000000000011110000000000000001111000000000
00000000101001010000000000010100101000000000001010010100000000000101001010000000
00000001000000001000000000100000000100000000010000000010000000001000000001000000
00000001000000001000000000100000000100000000010000000010000000001000000001000000
00000000101001010000000000010100101000000000001010010100000000000101001010000000
00000000001111000000000000000111100000000000000011110000000000000001111000000000
00000000001001000000000000000100100000000000000010010000000000000001001000000000
00000000000110000000000000000011000000000000000001100000000000000000110000000000
00000000000000000000000000000000000000000000000000000000000000000000000000000000
00000000000000000000000000000000000000000000000000000000000000000000000000000000
00000000000000000000000000000000000000000000000000000000000000000000000000000000
00000000000110000000000000000011000000000000000001100000000000000000110000000000
00000000001001000000000000000100100000000000000010010000000000000001001000000000
00000000001111000000000000000111100000000000000011110000000000000001111000000000
00000000101001010000000000010100101000000000001010010100000000000101001010000000
00000001000000001000000000100000000100000000010000000010000000001000000001000000
00000001000000001000000000100000000100000000010000000010000000001000000001000000
00000000101001010000000000010100101000000000001010010100000000000101001010000000
00000000001111000000000000000111100000000000000011110000000000000001111000000000
00000000001001000000000000000100100000000000000010010000000000000001001000000000
00000000000110000000000000000011000000000000000001100000000000000000110000000000
00000000000000000000000000000000000000000000000000000000000000000000000000000000
00000000000000000000000000000000000000000000000000000000000000000000000000000000