00000000000000000000000000000000000000000000000000000000000000000000000000000000
   000000000011                                      0000000000011
   000000000011                                      0000000000011
   000001000000000010                                0000001000000000010
   0000101000000001010                               00000101000000001010
   0001010001001000101                               00001010001001000101
   00101000010010000101                              000101000010010000101
   00010000010010000010                              000010000010010000010
   0000000000000000000000                            00000000000000000000000
   0000000000000000000000                            00000000000000000000000
   0000111000000001110000                            00000111000000001110000
   1100000000000000000011                            01100000000000000000011
   1100000000000000000011                            01100000000000000000011
   0000111000000001110000                            00000111000000001110000
   0000000000000000000000                            00000000000000000000000
   0000000000000000000000                            00000000000000000000000
   00010000010010000010                              000010000010010000010
   00101000010010000101                              000101000010010000101
   0001010001001000101                               00001010001001000101
   0000101000000001010                               00000101000000001010
   000001000000000010                                0000001000000000010
   000000000011                                      0000000000011
   000000000011                                      0000000000011
00000000000000000000000000000000000000000000000000000000000000000000000000000000
00000000000000000000000000000000000000000000000000000000000000000000000000000000